x: Stack+malloc area changed from 131072 to 8000 bytes.
-[ std ]----------------------------------------
[5]	6	17	21	90	128627	
[5]	68	6	12	90	128627	
[5]	68	6	3	90	128627	
[5]	68	6	3	81	128627	
[5]	68	6	3	72	128627	
[5]	68	6	3	63	128627	
[5]	68	6	3	54	128627	
[5]	68	6	3	45	128627	
[5]	68	6	3	36	128627	
[5]	68	6	3	27	128627	
[5]	68	15	3	27	128627	
[6]	68	15	9	3	27	128627	
[5]	68	15	21	27	128627	
[6]	68	15	21	9	27	128627	
[6]	68	15	21	18	27	128627	
[6]	68	15	21	27	27	128627	
[6]	68	15	21	36	27	128627	
[6]	68	15	21	45	27	128627	
[6]	68	15	21	54	27	128627	
[5]	68	17	21	90	128627	
-[ worst ]---------------------------------------
[7]	68	17	21	90	62	62	128492	
[8]	68	17	21	90	62	62	62	128421	
[9]	68	17	21	90	62	62	62	62	128350	
[10]	68	17	21	90	62	62	62	62	62	128279	
[11]	68	17	21	90	62	62	62	62	62	62	128208	
[12]	68	17	21	90	62	62	62	62	62	62	62	128137	
[13]	68	17	21	90	62	62	62	62	62	62	62	62	128066	
[14]	68	17	21	90	62	62	62	62	62	62	62	62	62	127995	
[15]	68	17	21	90	62	62	62	62	62	62	62	62	62	62	127924	
[16]	68	17	21	90	62	62	62	62	62	62	62	62	62	62	62	127853	
[16]	68	17	21	90	62	71	62	62	62	62	62	62	62	62	62	127853	
[15]	68	17	21	90	62	142	62	62	62	62	62	62	62	62	127853	
[14]	68	17	21	90	62	213	62	62	62	62	62	62	62	127853	
[13]	68	17	21	90	62	284	62	62	62	62	62	62	127853	
[12]	68	17	21	90	62	355	62	62	62	62	62	127853	
[11]	68	17	21	90	62	426	62	62	62	62	127853	
[10]	68	17	21	90	62	497	62	62	62	127853	
[9]	68	17	21	90	62	568	62	62	127853	
[8]	68	17	21	90	62	639	62	127853	
[6]	68	17	21	90	62	128565	
-[ std ]-----------------------------------------
